-7106.719371, -1370.563200, 2677.078962, 2.798789, -2.629504, 6.076482
-7078.423677, -1396.798416, 2737.726802, 2.860309, -2.617502, 6.052998
-7049.514016, -1422.912476, 2798.137178, 2.921582, -2.605273, 6.028989
-7019.992888, -1448.903115, 2858.304847, 2.982601, -2.592818, 6.004457
-6989.862850, -1474.768076, 2918.224588, 3.043363, -2.580137, 5.979404
-6959.126508, -1500.505116, 2977.891201, 3.103861, -2.567233, 5.953832
-6927.786524, -1526.112000, 3037.299508, 3.164091, -2.554106, 5.927743
-6895.845610, -1551.586506, 3096.444354, 3.224046, -2.540758, 5.901140
-6863.306532, -1576.926423, 3155.320606, 3.283723, -2.527189, 5.874025
-6830.172106, -1602.129553, 3213.923155, 3.343115, -2.513401, 5.846400
-6796.445202, -1627.193706, 3272.246914, 3.402217, -2.499394, 5.818268
-6762.128741, -1652.116709, 3330.286822, 3.461025, -2.485171, 5.789630
-6727.225694, -1676.896397, 3388.037842, 3.519534, -2.470731, 5.760490
-6691.739083, -1701.530621, 3445.494961, 3.577737, -2.456078, 5.730850
-6655.671983, -1726.017242, 3502.653193, 3.635631, -2.441211, 5.700713
-6619.027516, -1750.354134, 3559.507578, 3.693210, -2.426132, 5.670081
-6581.808858, -1774.539185, 3616.053179, 3.750468, -2.410843, 5.638957
-6544.019232, -1798.570296, 3672.285091, 3.807402, -2.395344, 5.607344
-6505.661913, -1822.445381, 3728.198431, 3.864006, -2.379638, 5.575244
-6466.740222, -1846.162368, 3783.788348, 3.920276, -2.363725, 5.542659
-6427.257532, -1869.719197, 3839.050016, 3.976205, -2.347607, 5.509594
-6387.217265, -1893.113825, 3893.978638, 4.031790, -2.331285, 5.476051
-6346.622889, -1916.344219, 3948.569446, 4.087026, -2.314760, 5.442032
-6305.477922, -1939.408365, 4002.817703, 4.141908, -2.298035, 5.407541
-6263.785930, -1962.304258, 4056.718700, 4.196430, -2.281110, 5.372580
-6221.550525, -1985.029913, 4110.267757, 4.250590, -2.263988, 5.337154
-6178.775367, -2007.583356, 4163.460227, 4.304380, -2.246668, 5.301263
-6135.464165, -2029.962630, 4216.291493, 4.357798, -2.229154, 5.264913
-6091.620672, -2052.165791, 4268.756967, 4.410838, -2.211446, 5.228106
-6047.248687, -2074.190912, 4320.852097, 4.463495, -2.193546, 5.190845
-6002.352057, -2096.036081, 4372.572360, 4.515766, -2.175456, 5.153133
-5956.934674, -2117.699402, 4423.913267, 4.567645, -2.157177, 5.114974
-5911.000475, -2139.178993, 4474.870360, 4.619128, -2.138710, 5.076371
-5864.553441, -2160.472992, 4525.439216, 4.670211, -2.120058, 5.037327
-5817.597600, -2181.579547, 4575.615446, 4.720889, -2.101222, 4.997846
-5770.137021, -2202.496828, 4625.394694, 4.771158, -2.082204, 4.957931
-5722.175820, -2223.223019, 4674.772638, 4.821013, -2.063004, 4.917586
-5673.718155, -2243.756319, 4723.744992, 4.870450, -2.043626, 4.876814
-5624.768227, -2264.094947, 4772.307506, 4.919465, -2.024070, 4.835618
-5575.330281, -2284.237136, 4820.455962, 4.968053, -2.004339, 4.794003
-5525.408603, -2304.181139, 4868.186181, 5.016210, -1.984433, 4.751972
-5475.007521, -2323.925223, 4915.494020, 5.063933, -1.964355, 4.709528
-5424.131408, -2343.467674, 4962.375372, 5.111216, -1.944107, 4.666675
-5372.784673, -2362.806796, 5008.826168, 5.158056, -1.923690, 4.623417
-5320.971770, -2381.940910, 5054.842373, 5.204449, -1.903105, 4.579758
-5268.697193, -2400.868354, 5100.419995, 5.250391, -1.882356, 4.535701
-5215.965473, -2419.587485, 5145.555076, 5.295877, -1.861443, 4.491250
-5162.781186, -2438.096679, 5190.243698, 5.340904, -1.840369, 4.446410
-5109.148943, -2456.394328, 5234.481981, 5.385467, -1.819135, 4.401183
-5055.073395, -2474.478844, 5278.266085, 5.429564, -1.797742, 4.355574
-5000.559234, -2492.348656, 5321.592209, 5.473190, -1.776194, 4.309588
-4945.611186, -2510.002213, 5364.456592, 5.516341, -1.754492, 4.263227
-4890.234018, -2527.437983, 5406.855513, 5.559013, -1.732637, 4.216496
-4834.432533, -2544.654451, 5448.785290, 5.601203, -1.710632, 4.169399
-4778.211572, -2561.650124, 5490.242284, 5.642908, -1.688478, 4.121940
-4721.576011, -2578.423525, 5531.222896, 5.684123, -1.666178, 4.074123
-4664.530763, -2594.973198, 5571.723569, 5.724845, -1.643733, 4.025953
-4607.080776, -2611.297707, 5611.740786, 5.765070, -1.621145, 3.977433
-4549.231033, -2627.395634, 5651.271074, 5.804795, -1.598417, 3.928568
-4490.986554, -2643.265583, 5690.311001, 5.844017, -1.575550, 3.879361
-4432.352390, -2658.906174, 5728.857177, 5.882731, -1.552546, 3.829818
-4373.333628, -2674.316050, 5766.906258, 5.920936, -1.529407, 3.779943
-4313.935389, -2689.493874, 5804.454939, 5.958626, -1.506136, 3.729739
-4254.162825, -2704.438327, 5841.499962, 5.995800, -1.482733, 3.679212
-4194.021122, -2719.148113, 5878.038110, 6.032454, -1.459202, 3.628365
-4133.515498, -2733.621955, 5914.066212, 6.068584, -1.435545, 3.577203
-4072.651201, -2747.858595, 5949.581141, 6.104188, -1.411763, 3.525731
-4011.433513, -2761.856799, 5984.579813, 6.139262, -1.387858, 3.473953
-3949.867744, -2775.615350, 6019.059191, 6.173803, -1.363833, 3.421873
-3887.959237, -2789.133055, 6053.016282, 6.207809, -1.339689, 3.369496
-3825.713362, -2802.408741, 6086.448138, 6.241276, -1.315429, 3.316827
-3763.135520, -2815.441254, 6119.351857, 6.274202, -1.291055, 3.263870
-3700.231141, -2828.229464, 6151.724584, 6.306583, -1.266569, 3.210629
-3637.005682, -2840.772260, 6183.563508, 6.338417, -1.241973, 3.157110
-3573.464629, -2853.068555, 6214.865866, 6.369701, -1.217269, 3.103317
-3509.613497, -2865.117280, 6245.628942, 6.400433, -1.192459, 3.049254
-3445.457824, -2876.917389, 6275.850064, 6.430609, -1.167546, 2.994927
-3381.003177, -2888.467860, 6305.526612, 6.460227, -1.142531, 2.940340
-3316.255150, -2899.767688, 6334.656008, 6.489285, -1.117418, 2.885497
-3251.219361, -2910.815894, 6363.235724, 6.517779, -1.092207, 2.830405
-3185.901452, -2921.611519, 6391.263282, 6.545708, -1.066902, 2.775066
-3120.307091, -2932.153625, 6418.736247, 6.573069, -1.041504, 2.719487
-3054.441971, -2942.441299, 6445.652237, 6.599860, -1.016016, 2.663672
-2988.311806, -2952.473646, 6472.008915, 6.626078, -0.990439, 2.607626
-2921.922336, -2962.249798, 6497.803994, 6.651721, -0.964777, 2.551353
-2855.279319, -2971.768904, 6523.035237, 6.676786, -0.939031, 2.494859
-2788.388541, -2981.030140, 6547.700453, 6.701273, -0.913203, 2.438149
-2721.255804, -2990.032702, 6571.797503, 6.725178, -0.887296, 2.381227
-2653.886935, -2998.775808, 6595.324296, 6.748499, -0.861312, 2.324098
-2586.287779, -3007.258701, 6618.278790, 6.771235, -0.835254, 2.266768
-2518.464203, -3015.480644, 6640.658995, 6.793383, -0.809123, 2.209241
-2450.422091, -3023.440924, 6662.462969, 6.814941, -0.782922, 2.151522
-2382.167349, -3031.138851, 6683.688821, 6.835908, -0.756653, 2.093617
-2313.705899, -3038.573757, 6704.334708, 6.856283, -0.730318, 2.035530
-2245.043682, -3045.744997, 6724.398841, 6.876062, -0.703920, 1.977267
-2176.186656, -3052.651950, 6743.879480, 6.895244, -0.677461, 1.918832
-2107.140797, -3059.294015, 6762.774934, 6.913828, -0.650943, 1.860231
-2037.912096, -3065.670619, 6781.083565, 6.931812, -0.624369, 1.801469
-1968.506560, -3071.781206, 6798.803785, 6.949195, -0.597740, 1.742550
-1898.930213, -3077.625248, 6815.934059, 6.965974, -0.571060, 1.683480
-1829.189092, -3083.202239, 6832.472900, 6.982149, -0.544330, 1.624264
-1759.289249, -3088.511695, 6848.418875, 6.997718, -0.517553, 1.564908
-1689.236749, -3093.553155, 6863.770601, 7.012680, -0.490732, 1.505415
-1619.037672, -3098.326183, 6878.526748, 7.027034, -0.463867, 1.445793
-1548.698109, -3102.830366, 6892.686037, 7.040777, -0.436963, 1.386045
-1478.224164, -3107.065313, 6906.247241, 7.053910, -0.410021, 1.326177
-1407.621952, -3111.030658, 6919.209185, 7.066430, -0.383043, 1.266193
-1336.897600, -3114.726057, 6931.570745, 7.078338, -0.356032, 1.206101
-1266.057245, -3118.151190, 6943.330851, 7.089631, -0.328990, 1.145904
-1195.107035, -3121.305762, 6954.488485, 7.100309, -0.301920, 1.085607
-1124.053125, -3124.189499, 6965.042680, 7.110370, -0.274823, 1.025217
-1052.901682, -3126.802152, 6974.992523, 7.119815, -0.247703, 0.964737
-981.658880, -3129.143495, 6984.337152, 7.128642, -0.220562, 0.904175
-910.330901, -3131.213327, 6993.075759, 7.136851, -0.193401, 0.843534
-838.923933, -3133.011467, 7001.207587, 7.144440, -0.166224, 0.782820
-767.444174, -3134.537763, 7008.731934, 7.151409, -0.139033, 0.722038
-695.897825, -3135.792081, 7015.648149, 7.157757, -0.111829, 0.661195
-624.291095, -3136.774315, 7021.955634, 7.163485, -0.084616, 0.600293
-552.630197, -3137.484381, 7027.653846, 7.168591, -0.057396, 0.539341
-480.921349, -3137.922217, 7032.742291, 7.173075, -0.030171, 0.478341
-409.170774, -3138.087788, 7037.220531, 7.176936, -0.002943, 0.417301
-337.384696, -3137.981080, 7041.088182, 7.180175, 0.024285, 0.356224
-265.569345, -3137.602103, 7044.344908, 7.182791, 0.051510, 0.295117
-193.730952, -3136.950893, 7046.990433, 7.184784, 0.078731, 0.233984
-121.875750, -3136.027506, 7049.024527, 7.186153, 0.105945, 0.172832
-50.009973, -3134.832024, 7050.447020, 7.186899, 0.133150, 0.111665
21.860142, -3133.364553, 7051.257789, 7.187021, 0.160343, 0.050488
93.728361, -3131.625221, 7051.456768, 7.186519, 0.187521, -0.010692
165.588448, -3129.614180, 7051.043944, 7.185394, 0.214684, -0.071872
237.434168, -3127.331607, 7050.019355, 7.183646, 0.241827, -0.133045
309.259288, -3124.777701, 7048.383093, 7.181274, 0.268950, -0.194205
381.057576, -3121.952685, 7046.135305, 7.178280, 0.296049, -0.255349
452.822803, -3118.856807, 7043.276189, 7.174662, 0.323122, -0.316470
524.548744, -3115.490335, 7039.805996, 7.170422, 0.350167, -0.377563
596.229174, -3111.853565, 7035.725032, 7.165560, 0.377182, -0.438624
667.857876, -3107.946812, 7031.033654, 7.160077, 0.404163, -0.499645
739.428636, -3103.770419, 7025.732274, 7.153972, 0.431109, -0.560623
810.935245, -3099.324748, 7019.821354, 7.147246, 0.458018, -0.621552
882.371498, -3094.610188, 7013.301413, 7.139901, 0.484887, -0.682427
953.731200, -3089.627149, 7006.173019, 7.131936, 0.511714, -0.743242
1025.008160, -3084.376065, 6998.436796, 7.123353, 0.538496, -0.803992
1096.196194, -3078.857394, 6990.093418, 7.114151, 0.565231, -0.864672
1167.289128, -3073.071617, 6981.143614, 7.104333, 0.591916, -0.925276
1238.280795, -3067.019237, 6971.588165, 7.093898, 0.618551, -0.985800
1309.165035, -3060.700781, 6961.427903, 7.082848, 0.645131, -1.046238
1379.935702, -3054.116800, 6950.663716, 7.071183, 0.671655, -1.106584
1450.586655, -3047.267866, 6939.296541, 7.058905, 0.698121, -1.166834
1521.111768, -3040.154576, 6927.327368, 7.046015, 0.724526, -1.226983
1591.504922, -3032.777549, 6914.757242, 7.032514, 0.750868, -1.287024
1661.760012, -3025.137427, 6901.587256, 7.018403, 0.777145, -1.346954
1731.870945, -3017.234874, 6887.818559, 7.003683, 0.803354, -1.406766
1801.831639, -3009.070579, 6873.452350, 6.988355, 0.829493, -1.466455
1871.636028, -3000.645252, 6858.489879, 6.972422, 0.855560, -1.526017
1941.278056, -2991.959625, 6842.932449, 6.955883, 0.881553, -1.585446
2010.751684, -2983.014455, 6826.781416, 6.938742, 0.907468, -1.644737
2080.050887, -2973.810520, 6810.038184, 6.920999, 0.933305, -1.703885
2149.169654, -2964.348619, 6792.704212, 6.902655, 0.959061, -1.762884
2218.101993, -2954.629577, 6774.781008, 6.883713, 0.984733, -1.821730
2286.841924, -2944.654238, 6756.270133, 6.864174, 1.010320, -1.880418
2355.383487, -2934.423471, 6737.173196, 6.844040, 1.035819, -1.938942
2423.720739, -2923.938164, 6717.491860, 6.823312, 1.061227, -1.997297
2491.847752, -2913.199230, 6697.227837, 6.801992, 1.086544, -2.055478
2559.758621, -2902.207602, 6676.382891, 6.780083, 1.111766, -2.113481
2627.447455, -2890.964236, 6654.958834, 6.757586, 1.136891, -2.171299
2694.908387, -2879.470110, 6632.957531, 6.734503, 1.161917, -2.228929
2762.135566, -2867.726223, 6610.380894, 6.710836, 1.186843, -2.286365
2829.123165, -2855.733596, 6587.230889, 6.686587, 1.211665, -2.343602
2895.865373, -2843.493271, 6563.509528, 6.661758, 1.236382, -2.400636
2962.356407, -2831.006314, 6539.218874, 6.636352, 1.260991, -2.457460
3028.590499, -2818.273809, 6514.361040, 6.610371, 1.285491, -2.514071
3094.561909, -2805.296862, 6488.938188, 6.583816, 1.309879, -2.570463
3160.264917, -2792.076603, 6462.952527, 6.556691, 1.334153, -2.626632
3225.693827, -2778.614179, 6436.406319, 6.528997, 1.358312, -2.682572
3290.842968, -2764.910762, 6409.301869, 6.500737, 1.382352, -2.738279
3355.706691, -2750.967542, 6381.641536, 6.471914, 1.406272, -2.793748
3420.279373, -2736.785730, 6353.427724, 6.442529, 1.430070, -2.848974
3484.555418, -2722.366560, 6324.662885, 6.412587, 1.453743, -2.903952
3548.529255, -2707.711285, 6295.349520, 6.382088, 1.477291, -2.958678
3612.195337, -2692.821177, 6265.490177, 6.351036, 1.500709, -3.013147
3675.548148, -2677.697530, 6235.087451, 6.319434, 1.523998, -3.067354
3738.582195, -2662.341660, 6204.143986, 6.287284, 1.547154, -3.121294
3801.292016, -2646.754899, 6172.662470, 6.254589, 1.570176, -3.174963
3863.672175, -2630.938603, 6140.645639, 6.221352, 1.593061, -3.228356
3925.717268, -2614.894145, 6108.096276, 6.187576, 1.615808, -3.281469
3987.421916, -2598.622919, 6075.017209, 6.153264, 1.638414, -3.334296
4048.780772, -2582.126340, 6041.411314, 6.118419, 1.660878, -3.386834
4109.788520, -2565.405839, 6007.281509, 6.083043, 1.683198, -3.439077
4170.439873, -2548.462870, 5972.630762, 6.047140, 1.705371, -3.491022
4230.729575, -2531.298904, 5937.462081, 6.010713, 1.727397, -3.542663
4290.652402, -2513.915433, 5901.778524, 5.973766, 1.749272, -3.593997
4350.203162, -2496.313965, 5865.583190, 5.936300, 1.770996, -3.645018
4409.376696, -2478.496030, 5828.879224, 5.898321, 1.792565, -3.695722
4468.167877, -2460.463176, 5791.669815, 5.859830, 1.813979, -3.746106
4526.571611, -2442.216969, 5753.958194, 5.820832, 1.835236, -3.796164
4584.582838, -2423.758993, 5715.747638, 5.781330, 1.856333, -3.845892
4642.196534, -2405.090851, 5677.041467, 5.741326, 1.877269, -3.895286
4699.407707, -2386.214166, 5637.843041, 5.700826, 1.898041, -3.944342
4756.211401, -2367.130574, 5598.155767, 5.659831, 1.918649, -3.993055
4812.602696, -2347.841735, 5557.983090, 5.618346, 1.939091, -4.041422
4868.576707, -2328.349323, 5517.328500, 5.576375, 1.959364, -4.089437
4924.128587, -2308.655031, 5476.195529, 5.533921, 1.979466, -4.137098
4979.253523, -2288.760568, 5434.587747, 5.490987, 1.999397, -4.184399
5033.946741, -2268.667662, 5392.508769, 5.447578, 2.019155, -4.231336
5088.203506, -2248.378057, 5349.962248, 5.403697, 2.038737, -4.277906
5142.019117, -2227.893516, 5306.951879, 5.359348, 2.058142, -4.324105
5195.388915, -2207.215816, 5263.481398, 5.314535, 2.077368, -4.369928
5248.308278, -2186.346752, 5219.554577, 5.269261, 2.096414, -4.415372
5300.772623, -2165.288137, 5175.175233, 5.223532, 2.115278, -4.460433
5352.777409, -2144.041799, 5130.347217, 5.177350, 2.133959, -4.505106
5404.318132, -2122.609581, 5085.074423, 5.130720, 2.152454, -4.549388
5455.390330, -2100.993344, 5039.360779, 5.083646, 2.170762, -4.593275
5505.989581, -2079.194965, 4993.210256, 5.036131, 2.188882, -4.636763
5556.111504, -2057.216336, 4946.626860, 4.988181, 2.206812, -4.679849
5605.751761, -2035.059364, 4899.614634, 4.939799, 2.224550, -4.722528
5654.906055, -2012.725972, 4852.177660, 4.890989, 2.242096, -4.764798
5703.570130, -1990.218099, 4804.320055, 4.841756, 2.259446, -4.806654
5751.739775, -1967.537698, 4756.045974, 4.792104, 2.276601, -4.848093
5799.410819, -1944.686738, 4707.359606, 4.742037, 2.293558, -4.889110
5846.579139, -1921.667201, 4658.265178, 4.691559, 2.310316, -4.929704
5893.240650, -1898.481085, 4608.766950, 4.640676, 2.326874, -4.969870
5939.391315, -1875.130402, 4558.869219, 4.589391, 2.343229, -5.009604
5985.027140, -1851.617180, 4508.576315, 4.537709, 2.359381, -5.048904
6030.144177, -1827.943456, 4457.892602, 4.485634, 2.375329, -5.087765
6074.738521, -1804.111287, 4406.822480, 4.433171, 2.391070, -5.126185
6118.806314, -1780.122740, 4355.370379, 4.380324, 2.406604, -5.164160
6162.343744, -1755.979895, 4303.540765, 4.327099, 2.421930, -5.201687
6205.347043, -1731.684849, 4251.338136, 4.273499, 2.437045, -5.238763
6247.812492, -1707.239708, 4198.767020, 4.219529, 2.451948, -5.275384
6289.736417, -1682.646594, 4145.831980, 4.165195, 2.466639, -5.311547
6331.115191, -1657.907639, 4092.537608, 4.110500, 2.481116, -5.347250
6371.945236, -1633.024991, 4038.888528, 4.055450, 2.495378, -5.382488
6412.223021, -1608.000807, 3984.889395, 4.000049, 2.509423, -5.417260
6451.945061, -1582.837259, 3930.544893, 3.944302, 2.523250, -5.451562
6491.107922, -1557.536529, 3875.859738, 3.888214, 2.536859, -5.485390
6529.708218, -1532.100811, 3820.838674, 3.831790, 2.550248, -5.518743
6567.742610, -1506.532313, 3765.486472, 3.775034, 2.563415, -5.551617
6605.207809, -1480.833251, 3709.807936, 3.717952, 2.576360, -5.584010
6642.100578, -1455.005855, 3653.807894, 3.660549, 2.589082, -5.615918
6678.417727, -1429.052365, 3597.491204, 3.602829, 2.601579, -5.647339
6714.156115, -1402.975031, 3540.862751, 3.544797, 2.613850, -5.678270
6749.312654, -1376.776115, 3483.927447, 3.486460, 2.625895, -5.708709
6783.884306, -1350.457890, 3426.690230, 3.427821, 2.637712, -5.738652
6817.868082, -1324.022637, 3369.156063, 3.368885, 2.649300, -5.768098
6851.261045, -1297.472648, 3311.329938, 3.309659, 2.660659, -5.797044
6884.060310, -1270.810227, 3253.216868, 3.250147, 2.671787, -5.825486
6916.263043, -1244.037685, 3194.821893, 3.190354, 2.682683, -5.853424
6947.866462, -1217.157343, 3136.150078, 3.130285, 2.693347, -5.880854
6978.867836, -1190.171533, 3077.206510, 3.069945, 2.703777, -5.907774
7009.264488, -1163.082594, 3017.996300, 3.009341, 2.713972, -5.934182
7039.053791, -1135.892874, 2958.524583, 2.948477, 2.723932, -5.960075
7068.233174, -1108.604731, 2898.796516, 2.887358, 2.733657, -5.985452
7096.800115, -1081.220531, 2838.817276, 2.825989, 2.743144, -6.010309
7124.752149, -1053.742648, 2778.592065, 2.764377, 2.752393, -6.034646
7152.086862, -1026.173464, 2718.126104, 2.702526, 2.761404, -6.058459
7178.801894, -998.515368, 2657.424635, 2.640442, 2.770175, -6.081747
7204.894939, -970.770759, 2596.492922, 2.578130, 2.778706, -6.104508
7230.363745, -942.942042, 2535.336245, 2.515595, 2.786997, -6.126739
7255.206114, -915.031628, 2473.959908, 2.452843, 2.795046, -6.148440
7279.419901, -887.041937, 2412.369230, 2.389880, 2.802852, -6.169607
7303.003019, -858.975395, 2350.569551, 2.326710, 2.810416, -6.190240
7325.953432, -830.834435, 2288.566227, 2.263340, 2.817736, -6.210336
7348.269161, -802.621495, 2226.364633, 2.199774, 2.824811, -6.229893
7369.948281, -774.339021, 2163.970161, 2.136019, 2.831642, -6.248911
7390.988923, -745.989465, 2101.388218, 2.072079, 2.838228, -6.267387
7411.389273, -717.575282, 2038.624229, 2.007961, 2.844568, -6.285320
7431.147572, -689.098935, 1975.683633, 1.943670, 2.850661, -6.302708
7450.262118, -660.562892, 1912.571886, 1.879212, 2.856507, -6.319550
7468.731263, -631.969626, 1849.294456, 1.814591, 2.862105, -6.335844
7486.553416, -603.321615, 1785.856828, 1.749814, 2.867456, -6.351590
7503.727043, -574.621340, 1722.264500, 1.684887, 2.872558, -6.366784
7520.250664, -545.871289, 1658.522981, 1.619814, 2.877411, -6.381427
7536.122856, -517.073953, 1594.637796, 1.554602, 2.882015, -6.395517
7551.342255, -488.231828, 1530.614480, 1.489256, 2.886369, -6.409053
7565.907550, -459.347411, 1466.458580, 1.423782, 2.890473, -6.422034
7579.817489, -430.423205, 1402.175657, 1.358186, 2.894326, -6.434458
7593.070875, -401.461717, 1337.771279, 1.292473, 2.897929, -6.446325
7605.666570, -372.465456, 1273.251027, 1.226648, 2.901281, -6.457633
7617.603490, -343.436933, 1208.620491, 1.160719, 2.904382, -6.468381
7628.880612, -314.378663, 1143.885271, 1.094690, 2.907230, -6.478569
7639.496968, -285.293163, 1079.050974, 1.028566, 2.909827, -6.488196
7649.451646, -256.182954, 1014.123217, 0.962355, 2.912172, -6.497261
7658.743793, -227.050556, 949.107626, 0.896061, 2.914265, -6.505763
7667.372613, -197.898493, 884.009832, 0.829691, 2.916105, -6.513702
7675.337368, -168.729290, 818.835474, 0.763249, 2.917693, -6.521076
7682.637376, -139.545474, 753.590199, 0.696742, 2.919028, -6.527885
7689.272015, -110.349573, 688.279658, 0.630176, 2.920110, -6.534129
7695.240717, -81.144114, 622.909507, 0.563556, 2.920939, -6.539807
7700.542976, -51.931628, 557.485410, 0.496888, 2.921516, -6.544918
7705.178340, -22.714645, 492.013032, 0.430178, 2.921839, -6.549463
7709.146417, 6.504306, 426.498045, 0.363432, 2.921909, -6.553440
7712.446872, 35.722693, 360.946123, 0.296655, 2.921726, -6.556850
7715.079428, 64.937987, 295.362942, 0.229853, 2.921290, -6.559692
7717.043865, 94.147657, 229.754184, 0.163032, 2.920602, -6.561965
7718.340021, 123.349175, 164.125529, 0.096198, 2.919660, -6.563671
7718.967794, 152.540010, 98.482661, 0.029356, 2.918465, -6.564808
7718.927136, 181.717636, 32.831266, -0.037487, 2.917018, -6.565376
7718.218061, 210.879527, -32.822973, -0.104327, 2.915318, -6.565376
7716.840637, 240.023157, -98.474370, -0.171156, 2.913366, -6.564808
7714.794994, 269.146002, -164.117239, -0.237970, 2.911161, -6.563671
7712.081315, 298.245542, -229.745897, -0.304762, 2.908705, -6.561966
7708.699845, 327.319256, -295.354662, -0.371527, 2.905996, -6.559692
7704.650885, 356.364629, -360.937852, -0.438259, 2.903036, -6.556851
7699.934793, 385.379144, -426.489789, -0.504952, 2.899825, -6.553442
7694.551986, 414.360290, -492.004798, -0.571601, 2.896363, -6.549465
7688.502939, 443.305559, -557.477205, -0.638200, 2.892649, -6.544922
7681.788182, 472.212444, -622.901344, -0.704742, 2.888686, -6.539812
7674.408306, 501.078443, -688.271549, -0.771222, 2.884472, -6.534135
7666.363958, 529.901057, -753.582162, -0.837635, 2.880009, -6.527893
7657.655841, 558.677792, -818.827529, -0.903975, 2.875296, -6.521086
7648.284719, 587.406155, -884.002000, -0.970236, 2.870335, -6.513714
7638.251410, 616.083661, -949.099935, -1.036412, 2.865125, -6.505779
7627.556790, 644.707828, -1014.115698, -1.102497, 2.859667, -6.497280
7616.201794, 673.276177, -1079.043662, -1.168486, 2.853962, -6.488219
7604.187412, 701.786236, -1143.878205, -1.234373, 2.848009, -6.478596
7591.514692, 730.235537, -1208.613716, -1.300153, 2.841810, -6.468413
7578.184739, 758.621619, -1273.244591, -1.365819, 2.835365, -6.457669
7564.198714, 786.942023, -1337.765238, -1.431366, 2.828675, -6.446367
7549.557836, 815.194300, -1402.170070, -1.496788, 2.821740, -6.434507
7534.263379, 843.376004, -1466.453514, -1.562081, 2.814560, -6.422089
7518.316675, 871.484697, -1530.610005, -1.627237, 2.807138, -6.409116
7501.719111, 899.517945, -1594.633993, -1.692252, 2.799472, -6.395589
7484.472133, 927.473323, -1658.519934, -1.757119, 2.791564, -6.381507
7466.577239, 955.348412, -1722.262301, -1.821834, 2.783414, -6.366874
7448.035986, 983.140798, -1785.855577, -1.886390, 2.775023, -6.351689
7428.849987, 1010.848079, -1849.294258, -1.950782, 2.766393, -6.335955
7409.020909, 1038.467855, -1912.572856, -2.015005, 2.757523, -6.319673
7388.550475, 1065.997737, -1975.685893, -2.079052, 2.748414, -6.302843
7367.440464, 1093.435343, -2038.627908, -2.142919, 2.739068, -6.285469
7345.692710, 1120.778299, -2101.393455, -2.206600, 2.729484, -6.267550
7323.309103, 1148.024238, -2163.977102, -2.270089, 2.719664, -6.249089
7300.291587, 1175.170804, -2226.373435, -2.333381, 2.709610, -6.230087
7276.642160, 1202.215648, -2288.577053, -2.396470, 2.699320, -6.210547
7252.362876, 1229.156429, -2350.582575, -2.459351, 2.688797, -6.190468
7227.455844, 1255.990817, -2412.384636, -2.522019, 2.678042, -6.169855
7201.923224, 1282.716490, -2473.977887, -2.584468, 2.667054, -6.148707
7175.767234, 1309.331137, -2535.357001, -2.646692, 2.655836, -6.127027
7148.990143, 1335.832454, -2596.516667, -2.708687, 2.644389, -6.104818
7121.594276, 1362.218148, -2657.451592, -2.770447, 2.632712, -6.082080
7093.582009, 1388.485938, -2718.156506, -2.831966, 2.620808, -6.058815
7064.955772, 1414.633551, -2778.626155, -2.893240, 2.608677, -6.035027
7035.718051, 1440.658724, -2838.855309, -2.954262, 2.596320, -6.010717
7005.871380, 1466.559207, -2898.838757, -3.015029, 2.583739, -5.985886
6975.418348, 1492.332758, -2958.571310, -3.075534, 2.570934, -5.960538
6944.361598, 1517.977149, -3018.047799, -3.135772, 2.557907, -5.934674
6912.703822, 1543.490161, -3077.263081, -3.195738, 2.544659, -5.908297
6880.447765, 1568.869587, -3136.212031, -3.255427, 2.531190, -5.881408
6847.596225, 1594.113231, -3194.889551, -3.314834, 2.517503, -5.854011
6814.152051, 1619.218911, -3253.290566, -3.373953, 2.503597, -5.826107
6780.118141, 1644.184455, -3311.410022, -3.432780, 2.489475, -5.797700
6745.497446, 1669.007702, -3369.242892, -3.491309, 2.475138, -5.768791
6710.292968, 1693.686507, -3426.784174, -3.549536, 2.460587, -5.739383
6674.507758, 1718.218735, -3484.028890, -3.607455, 2.445823, -5.709478
6638.144918, 1742.602263, -3540.972089, -3.665061, 2.430847, -5.679080
6601.207600, 1766.834983, -3597.608845, -3.722349, 2.415662, -5.648190
6563.699005, 1790.914798, -3653.934260, -3.779315, 2.400267, -5.616812
6525.622383, 1814.839627, -3709.943460, -3.835954, 2.384664, -5.584948
6486.981034, 1838.607400, -3765.631603, -3.892260, 2.368856, -5.552601
6447.778307, 1862.216061, -3820.993870, -3.948229, 2.352842, -5.519773
6408.017598, 1885.663568, -3876.025475, -4.003856, 2.336625, -5.486468
6367.702353, 1908.947894, -3930.721656, -4.059135, 2.320206, -5.452689
6326.836064, 1932.067025, -3985.077683, -4.114063, 2.303587, -5.418438
6285.422272, 1955.018961, -4039.088855, -4.168635, 2.286768, -5.383718
6243.464564, 1977.801718, -4092.750500, -4.222846, 2.269751, -5.348533
6200.966576, 2000.413325, -4146.057977, -4.276690, 2.252538, -5.312885
6157.931989, 2022.851827, -4199.006677, -4.330165, 2.235130, -5.276778
6114.364531, 2045.115283, -4251.592019, -4.383264, 2.217529, -5.240214
6070.267974, 2067.201767, -4303.809455, -4.435984, 2.199736, -5.203198
6025.646139, 2089.109371, -4355.654470, -4.488319, 2.181753, -5.165731
5980.502890, 2110.836199, -4407.122579, -4.540266, 2.163581, -5.127817
5934.842137, 2132.380372, -4458.209332, -4.591819, 2.145222, -5.089460
5888.667835, 2153.740028, -4508.910310, -4.642975, 2.126678, -5.050663
5841.983981, 2174.913319, -4559.221129, -4.693729, 2.107950, -5.011429
5794.794619, 2195.898414, -4609.137437, -4.744076, 2.089039, -4.971761
5747.103836, 2216.693498, -4658.654918, -4.794012, 2.069948, -4.931664
5698.915760, 2237.296774, -4707.769290, -4.843533, 2.050678, -4.891140
5650.234564, 2257.706460, -4756.476304, -4.892635, 2.031230, -4.850193
5601.064463, 2277.920790, -4804.771749, -4.941314, 2.011607, -4.808826
5551.409716, 2297.938017, -4852.651448, -4.989564, 1.991810, -4.767044
5501.274620, 2317.756409, -4900.111260, -5.037383, 1.971840, -4.724850
5450.663516, 2337.374254, -4947.147081, -5.084765, 1.951700, -4.682247
5399.580787, 2356.789854, -4993.754844, -5.131707, 1.931392, -4.639239
5348.030854, 2376.001531, -5039.930518, -5.178205, 1.910916, -4.595830
5296.018180, 2395.007624, -5085.670110, -5.224255, 1.890275, -4.552023
5243.547268, 2413.806488, -5130.969663, -5.269852, 1.869471, -4.507823
5190.622660, 2432.396498, -5175.825262, -5.314993, 1.848505, -4.463232
5137.248938, 2450.776048, -5220.233026, -5.359674, 1.827379, -4.418256
5083.430720, 2468.943546, -5264.189116, -5.403891, 1.806095, -4.372898
5029.172667, 2486.897423, -5307.689730, -5.447641, 1.784655, -4.327162
4974.479475, 2504.636127, -5350.731106, -5.490919, 1.763060, -4.281051
4919.355877, 2522.158122, -5393.309522, -5.533721, 1.741313, -4.234571
4863.806644, 2539.461894, -5435.421297, -5.576045, 1.719416, -4.187724
4807.836585, 2556.545946, -5477.062787, -5.617886, 1.697370, -4.140514
4751.450544, 2573.408802, -5518.230393, -5.659241, 1.675177, -4.092947
4694.653400, 2590.049003, -5558.920553, -5.700106, 1.652839, -4.045026
4637.450070, 2606.465110, -5599.129750, -5.740478, 1.630359, -3.996755
4579.845504, 2622.655704, -5638.854506, -5.780352, 1.607737, -3.948139
4521.844688, 2638.619384, -5678.091385, -5.819727, 1.584976, -3.899181
4463.452640, 2654.354770, -5716.836994, -5.858598, 1.562078, -3.849885
4404.674415, 2669.860502, -5755.087982, -5.896962, 1.539046, -3.800257
4345.515098, 2685.135237, -5792.841042, -5.934816, 1.515880, -3.750300
4285.979809, 2700.177657, -5830.092908, -5.972156, 1.492583, -3.700019
4226.073701, 2714.986458, -5866.840359, -6.008979, 1.469156, -3.649418
4165.801957, 2729.560362, -5903.080217, -6.045283, 1.445603, -3.598501
4105.169793, 2743.898108, -5938.809346, -6.081063, 1.421925, -3.547273
4044.182454, 2757.998455, -5974.024658, -6.116317, 1.398124, -3.495738
3982.845220, 2771.860184, -6008.723107, -6.151042, 1.374202, -3.443901
3921.163396, 2785.482097, -6042.901692, -6.185234, 1.350161, -3.391766
3859.142321, 2798.863015, -6076.557456, -6.218891, 1.326003, -3.339338
3796.787361, 2812.001782, -6109.687488, -6.252011, 1.301731, -3.286621
3734.103911, 2824.897259, -6142.288924, -6.284589, 1.277346, -3.233619
3671.097395, 2837.548334, -6174.358943, -6.316623, 1.252851, -3.180338
3607.773265, 2849.953911, -6205.894772, -6.348111, 1.228247, -3.126782
3544.136999, 2862.112916, -6236.893682, -6.379050, 1.203537, -3.072955
3480.194104, 2874.024300, -6267.352993, -6.409437, 1.178723, -3.018863
3415.950112, 2885.687031, -6297.270070, -6.439269, 1.153807, -2.964509
3351.410581, 2897.100100, -6326.642324, -6.468544, 1.128791, -2.909899
3286.581096, 2908.262520, -6355.467216, -6.497259, 1.103677, -2.855037
3221.467266, 2919.173326, -6383.742251, -6.525413, 1.078468, -2.799929
3156.074724, 2929.831574, -6411.464983, -6.553001, 1.053166, -2.744578
3090.409128, 2940.236341, -6438.633015, -6.580023, 1.027773, -2.688989
3024.476158, 2950.386729, -6465.243996, -6.606476, 1.002290, -2.633168
2958.281521, 2960.281857, -6491.295624, -6.632356, 0.976721, -2.577120
2891.830942, 2969.920871, -6516.785644, -6.657664, 0.951068, -2.520848
2825.130170, 2979.302937, -6541.711852, -6.682395, 0.925332, -2.464358
2758.184977, 2988.427242, -6566.072090, -6.706548, 0.899516, -2.407655
2691.001153, 2997.292997, -6589.864251, -6.730120, 0.873622, -2.350743
2623.584512, 3005.899435, -6613.086276, -6.753111, 0.847653, -2.293628
2555.940886, 3014.245811, -6635.736156, -6.775517, 0.821610, -2.236315
2488.076127, 3022.331403, -6657.811930, -6.797337, 0.795496, -2.178808
2419.996106, 3030.155511, -6679.311689, -6.818569, 0.769314, -2.121113
2351.706714, 3037.717458, -6700.233571, -6.839211, 0.743065, -2.063234
2283.213858, 3045.016590, -6720.575766, -6.859261, 0.716751, -2.005176
2214.523464, 3052.052274, -6740.336512, -6.878718, 0.690376, -1.946945
2145.641474, 3058.823901, -6759.514100, -6.897580, 0.663940, -1.888545
2076.573848, 3065.330885, -6778.106870, -6.915845, 0.637447, -1.829982
2007.326561, 3071.572663, -6796.113211, -6.933512, 0.610899, -1.771260
1937.905603, 3077.548694, -6813.531565, -6.950579, 0.584298, -1.712385
1868.316982, 3083.258461, -6830.360423, -6.967045, 0.557647, -1.653362
1798.566716, 3088.701469, -6846.598329, -6.982908, 0.530947, -1.594196
1728.660841, 3093.877247, -6862.243877, -6.998167, 0.504201, -1.534891
1658.605404, 3098.785346, -6877.295710, -7.012820, 0.477412, -1.475454
1588.406466, 3103.425340, -6891.752527, -7.026867, 0.450581, -1.415889
1518.070100, 3107.796829, -6905.613073, -7.040305, 0.423711, -1.356201
1447.602391, 3111.899432, -6918.876149, -7.053135, 0.396804, -1.296395
1377.009436, 3115.732794, -6931.540605, -7.065354, 0.369863, -1.236478
1306.297342, 3119.296583, -6943.605344, -7.076962, 0.342890, -1.176453
1235.472227, 3122.590489, -6955.069319, -7.087958, 0.315887, -1.116326
1164.540218, 3125.614227, -6965.931539, -7.098341, 0.288856, -1.056102
1093.507452, 3128.367534, -6976.191059, -7.108110, 0.261801, -0.995787
1022.380074, 3130.850171, -6985.846991, -7.117263, 0.234723, -0.935385
951.164239, 3133.061922, -6994.898498, -7.125801, 0.207624, -0.874903
879.866107, 3135.002595, -7003.344793, -7.133722, 0.180508, -0.814344
808.491847, 3136.672021, -7011.185144, -7.141027, 0.153375, -0.753715
737.047635, 3138.070055, -7018.418869, -7.147713, 0.126229, -0.693020
665.539651, 3139.196573, -7025.045342, -7.153781, 0.099073, -0.632265
593.974083, 3140.051478, -7031.063985, -7.159230, 0.071907, -0.571455
522.357121, 3140.634695, -7036.474275, -7.164059, 0.044735, -0.510595
450.694964, 3140.946172, -7041.275742, -7.168269, 0.017560, -0.449691
378.993810, 3140.985880, -7045.467967, -7.171858, -0.009618, -0.388748
307.259864, 3140.753816, -7049.050584, -7.174827, -0.036795, -0.327771
235.499332, 3140.249997, -7052.023282, -7.177176, -0.063968, -0.266765
163.718424, 3139.474467, -7054.385799, -7.178903, -0.091137, -0.205735
91.923350, 3138.427290, -7056.137928, -7.180009, -0.118297, -0.144688
20.120322, 3137.108556, -7057.279515, -7.180493, -0.145448, -0.083628
-51.684448, 3135.518378, -7057.810457, -7.180357, -0.172586, -0.022560
-123.484744, 3133.656891, -7057.730705, -7.179599, -0.199709, 0.038510
-195.274357, 3131.524256, -7057.040263, -7.178220, -0.226815, 0.099577
-267.047072, 3129.120656, -7055.739187, -7.176220, -0.253902, 0.160636
-338.796680, 3126.446296, -7053.827586, -7.173598, -0.280966, 0.221681
-410.516972, 3123.501407, -7051.305623, -7.170357, -0.308007, 0.282708
-482.201742, 3120.286242, -7048.173510, -7.166494, -0.335021, 0.343710
-553.844787, 3116.801077, -7044.431517, -7.162012, -0.362007, 0.404683
-625.439908, 3113.046213, -7040.079962, -7.156909, -0.388961, 0.465622
-696.980908, 3109.021972, -7035.119219, -7.151188, -0.415882, 0.526520
-768.461597, 3104.728701, -7029.549713, -7.144847, -0.442766, 0.587373
-839.875789, 3100.166770, -7023.371922, -7.137888, -0.469613, 0.648176
-911.217303, 3095.336572, -7016.586376, -7.130312, -0.496420, 0.708923
-982.479967, 3090.238522, -7009.193659, -7.122118, -0.523183, 0.769610
-1053.657613, 3084.873061, -7001.194405, -7.113308, -0.549901, 0.830230
-1124.744080, 3079.240651, -6992.589304, -7.103883, -0.576573, 0.890778
-1195.733217, 3073.341777, -6983.379096, -7.093842, -0.603194, 0.951250
-1266.618880, 3067.176948, -6973.564572, -7.083188, -0.629763, 1.011640
-1337.394933, 3060.746695, -6963.146578, -7.071921, -0.656278, 1.071943
-1408.055252, 3054.051572, -6952.126012, -7.060041, -0.682737, 1.132154
-1478.593721, 3047.092158, -6940.503821, -7.047551, -0.709136, 1.192267
-1549.004233, 3039.869053, -6928.281008, -7.034450, -0.735475, 1.252278
-1619.280696, 3032.382878, -6915.458626, -7.020741, -0.761750, 1.312180
-1689.417026, 3024.634281, -6902.037778, -7.006424, -0.787959, 1.371970
-1759.407153, 3016.623930, -6888.019624, -6.991500, -0.814100, 1.431641
-1829.245017, 3008.352516, -6873.405369, -6.975972, -0.840171, 1.491189
-1898.924575, 2999.820752, -6858.196275, -6.959839, -0.866170, 1.550608
-1968.439795, 2991.029375, -6842.393653, -6.943104, -0.892093, 1.609894
-2037.784658, 2981.979143, -6825.998865, -6.925768, -0.917940, 1.669040
-2106.953163, 2972.670838, -6809.013325, -6.907833, -0.943708, 1.728043
-2175.939321, 2963.105263, -6791.438498, -6.889299, -0.969394, 1.786897
-2244.737160, 2953.283243, -6773.275901, -6.870169, -0.994996, 1.845596
-2313.340725, 2943.205626, -6754.527099, -6.850445, -1.020513, 1.904137
-2381.744077, 2932.873283, -6735.193711, -6.830127, -1.045941, 1.962513
-2449.941293, 2922.287105, -6715.277404, -6.809218, -1.071279, 2.020720
-2517.926469, 2911.448006, -6694.779896, -6.787719, -1.096525, 2.078752
-2585.693719, 2900.356922, -6673.702958, -6.765633, -1.121676, 2.136605
-2653.237176, 2889.014811, -6652.048407, -6.742961, -1.146730, 2.194274
-2720.550992, 2877.422652, -6629.818112, -6.719705, -1.171685, 2.251753
-2787.629338, 2865.581445, -6607.013992, -6.695867, -1.196539, 2.309038
-2854.466406, 2853.492214, -6583.638015, -6.671450, -1.221290, 2.366124
-2921.056410, 2841.156002, -6559.692199, -6.646455, -1.245935, 2.423005
-2987.393582, 2828.573875, -6535.178611, -6.620884, -1.270472, 2.479677
-3053.472179, 2815.746919, -6510.099368, -6.594740, -1.294900, 2.536135
-3119.286479, 2802.676242, -6484.456634, -6.568025, -1.319216, 2.592375
-3184.830782, 2789.362973, -6458.252623, -6.540741, -1.343418, 2.648390
-3250.099412, 2775.808263, -6431.489599, -6.512891, -1.367504, 2.704177
-3315.086716, 2762.013281, -6404.169871, -6.484476, -1.391472, 2.759730
-3379.787067, 2747.979220, -6376.295799, -6.455500, -1.415320, 2.815045
-3444.194862, 2733.707292, -6347.869790, -6.425965, -1.439045, 2.870116
-3508.304520, 2719.198729, -6318.894299, -6.395874, -1.462646, 2.924940
-3572.110491, 2704.454786, -6289.371828, -6.365228, -1.486121, 2.979511
-3635.607248, 2689.476735, -6259.304928, -6.334031, -1.509467, 3.033825
-3698.789291, 2674.265872, -6228.696194, -6.302286, -1.532683, 3.087877
-3761.651146, 2658.823510, -6197.548271, -6.269994, -1.555767, 3.141662
-3824.187370, 2643.150983, -6165.863850, -6.237160, -1.578716, 3.195176
-3886.392544, 2627.249647, -6133.645666, -6.203785, -1.601529, 3.248414
-3948.261280, 2611.120874, -6100.896505, -6.169873, -1.624203, 3.301371
-4009.788219, 2594.766058, -6067.619194, -6.135426, -1.646737, 3.354043
-4070.968030, 2578.186614, -6033.816609, -6.100448, -1.669128, 3.406425
-4131.795413, 2561.383973, -5999.491670, -6.064941, -1.691376, 3.458513
-4192.265098, 2544.359588, -5964.647342, -6.028909, -1.713477, 3.510302
-4252.371846, 2527.114930, -5929.286638, -5.992354, -1.735430, 3.561788
-4312.110449, 2509.651490, -5893.412611, -5.955280, -1.757233, 3.612966
-4371.475731, 2491.970776, -5857.028362, -5.917690, -1.778884, 3.663832
-4430.462548, 2474.074318, -5820.137035, -5.879588, -1.800382, 3.714381
-4489.065789, 2455.963662, -5782.741818, -5.840976, -1.821724, 3.764609
-4547.280376, 2437.640373, -5744.845942, -5.801858, -1.842908, 3.814512
-4605.101263, 2419.106036, -5706.452683, -5.762236, -1.863933, 3.864085
-4662.523440, 2400.362252, -5667.565360, -5.722116, -1.884797, 3.913324
-4719.541931, 2381.410643, -5628.187332, -5.681500, -1.905498, 3.962225
-4776.151794, 2362.252845, -5588.322004, -5.640391, -1.926034, 4.010783
-4832.348123, 2342.890517, -5547.972821, -5.598794, -1.946404, 4.058995
-4888.126047, 2323.325331, -5507.143271, -5.556711, -1.966605, 4.106856
-4943.480730, 2303.558979, -5465.836884, -5.514146, -1.986637, 4.154362
-4998.407376, 2283.593171, -5424.057230, -5.471104, -2.006496, 4.201509
-5052.901223, 2263.429632, -5381.807921, -5.427587, -2.026182, 4.248292
-5106.957547, 2243.070107, -5339.092610, -5.383600, -2.045693, 4.294709
-5160.571662, 2222.516355, -5295.914989, -5.339146, -2.065027, 4.340753
-5213.738920, 2201.770154, -5252.278792, -5.294229, -2.084183, 4.386423
-5266.454711, 2180.833298, -5208.187791, -5.248853, -2.103158, 4.431714
-5318.714466, 2159.707597, -5163.645798, -5.203022, -2.121952, 4.476621
-5370.513652, 2138.394879, -5118.656666, -5.156740, -2.140561, 4.521141
-5421.847779, 2116.896987, -5073.224284, -5.110011, -2.158986, 4.565270
-5472.712395, 2095.215780, -5027.352580, -5.062839, -2.177224, 4.609005
-5523.103090, 2073.353134, -4981.045522, -5.015227, -2.195274, 4.652340
-5573.015494, 2051.310938, -4934.307114, -4.967181, -2.213134, 4.695274
-5622.445278, 2029.091100, -4887.141398, -4.918704, -2.230802, 4.737801
-5671.388155, 2006.695542, -4839.552454, -4.869801, -2.248277, 4.779919
-5719.839881, 1984.126201, -4791.544396, -4.820475, -2.265558, 4.821623
-5767.796253, 1961.385029, -4743.121377, -4.770731, -2.282643, 4.862911
-5815.253111, 1938.473994, -4694.287586, -4.720573, -2.299531, 4.903777
-5862.206340, 1915.395077, -4645.047245, -4.670005, -2.316219, 4.944220
-5908.651865, 1892.150275, -4595.404616, -4.619033, -2.332708, 4.984235
-5954.585659, 1868.741599, -4545.363990, -4.567660, -2.348994, 5.023818
-6000.003734, 1845.171074, -4494.929698, -4.515890, -2.365077, 5.062967
-6044.902153, 1821.440740, -4444.106102, -4.463729, -2.380956, 5.101679
-6089.277017, 1797.552649, -4392.897599, -4.411180, -2.396628, 5.139948
-6133.124479, 1773.508870, -4341.308619, -4.358249, -2.412093, 5.177773
-6176.440732, 1749.311481, -4289.343625, -4.304939, -2.427350, 5.215151
-6219.222017, 1724.962577, -4237.007113, -4.251256, -2.442396, 5.252076
-6261.464623, 1700.464265, -4184.303611, -4.197204, -2.457231, 5.288548
-6303.164882, 1675.818664, -4131.237680, -4.142788, -2.471853, 5.324562
-6344.319176, 1651.027908, -4077.813910, -4.088012, -2.486262, 5.360115
-6384.923932, 1626.094142, -4024.036925, -4.032881, -2.500455, 5.395204
-6424.975627, 1601.019524, -3969.911378, -3.977400, -2.514432, 5.429827
-6464.470782, 1575.806224, -3915.441953, -3.921574, -2.528192, 5.463980
-6503.405970, 1550.456423, -3860.633363, -3.865407, -2.541732, 5.497659
-6541.777811, 1524.972317, -3805.490351, -3.808905, -2.555053, 5.530863
-6579.582971, 1499.356110, -3750.017690, -3.752072, -2.568152, 5.563589
-6616.818170, 1473.610021, -3694.220181, -3.694914, -2.581029, 5.595833
-6653.480173, 1447.736277, -3638.102652, -3.637434, -2.593683, 5.627592
-6689.565796, 1421.737118, -3581.669960, -3.579639, -2.606112, 5.658865
-6725.071907, 1395.614794, -3524.926991, -3.521532, -2.618315, 5.689647
-6759.995421, 1369.371568, -3467.878655, -3.463120, -2.630292, 5.719938
-6794.333304, 1343.009711, -3410.529890, -3.404407, -2.642041, 5.749733
-6828.082573, 1316.531505, -3352.885662, -3.345398, -2.653562, 5.779030
-6861.240298, 1289.939242, -3294.950958, -3.286099, -2.664852, 5.807827
-6893.803596, 1263.235225, -3236.730796, -3.226514, -2.675912, 5.836121
-6925.769639, 1236.421765, -3178.230214, -3.166649, -2.686741, 5.863911
-6957.135650, 1209.501185, -3119.454278, -3.106508, -2.697336, 5.891192
-6987.898901, 1182.475815, -3060.408076, -3.046098, -2.707699, 5.917963
-7018.056720, 1155.347995, -3001.096719, -2.985422, -2.717826, 5.944222
-7047.606485, 1128.120074, -2941.525344, -2.924488, -2.727719, 5.969967
-7076.545628, 1100.794410, -2881.699107, -2.863299, -2.737375, 5.995194
-7104.871633, 1073.373369, -2821.623189, -2.801861, -2.746794, 6.019903
-7132.582037, 1045.859326, -2761.302792, -2.740180, -2.755975, 6.044090
-7159.674431, 1018.254663, -2700.743140, -2.678260, -2.764918, 6.067754
-7186.146458, 990.561772, -2639.949474, -2.616107, -2.773621, 6.090892
-7211.995817, 962.783049, -2578.927062, -2.553727, -2.782084, 6.113503
-7237.220259, 934.920902, -2517.681186, -2.491125, -2.790306, 6.135584
-7261.817589, 906.977743, -2456.217151, -2.428306, -2.798286, 6.157134
-7285.785668, 878.955993, -2394.540280, -2.365275, -2.806024, 6.178151
-7309.122410, 850.858078, -2332.655914, -2.302039, -2.813519, 6.198633
-7331.825784, 822.686432, -2270.569413, -2.238603, -2.820770, 6.218578
-7353.893814, 794.443496, -2208.286155, -2.174971, -2.827777, 6.237984
-7375.324579, 766.131717, -2145.811533, -2.111151, -2.834538, 6.256850
-7396.116213, 737.753545, -2083.150960, -2.047146, -2.841055, 6.275174
-7416.266905, 709.311441, -2020.309862, -1.982963, -2.847325, 6.292955
-7435.774902, 680.807867, -1957.293684, -1.918608, -2.853349, 6.310190
-7454.638502, 652.245294, -1894.107884, -1.854085, -2.859125, 6.326879
-7472.856063, 623.626195, -1830.757935, -1.789401, -2.864654, 6.343020
-7490.425996, 594.953050, -1767.249325, -1.724561, -2.869934, 6.358611
-7507.346771, 566.228344, -1703.587557, -1.659570, -2.874966, 6.373651
-7523.616912, 537.454565, -1639.778145, -1.594435, -2.879749, 6.388139
-7539.235001, 508.634206, -1575.826617, -1.529160, -2.884282, 6.402074
-7554.199674, 479.769764, -1511.738515, -1.463753, -2.888565, 6.415454
-7568.509626, 450.863741, -1447.519391, -1.398217, -2.892598, 6.428278
-7582.163608, 421.918641, -1383.174808, -1.332559, -2.896380, 6.440545
-7595.160427, 392.936972, -1318.710343, -1.266786, -2.899912, 6.452255
-7607.498949, 363.921246, -1254.131581, -1.200901, -2.903192, 6.463405
-7619.178094, 334.873978, -1189.444118, -1.134911, -2.906220, 6.473995
-7630.196843, 305.797684, -1124.653559, -1.068822, -2.908997, 6.484024
-7640.554230, 276.694884, -1059.765519, -1.002640, -2.911521, 6.493491
-7650.249350, 247.568102, -994.785620, -0.936370, -2.913793, 6.502395
-7659.281353, 218.419860, -929.719494, -0.870018, -2.915813, 6.510736
-7667.649447, 189.252685, -864.572780, -0.803589, -2.917580, 6.518513
-7675.352899, 160.069106, -799.351124, -0.737090, -2.919094, 6.525724
-7682.391031, 130.871652, -734.060178, -0.670526, -2.920355, 6.532371
-7688.763225, 101.662853, -668.705600, -0.603903, -2.921363, 6.538451
-7694.468920, 72.445242, -603.293056, -0.537227, -2.922117, 6.543964
-7699.507613, 43.221350, -537.828215, -0.470504, -2.922619, 6.548910
-7703.878858, 13.993712, -472.316752, -0.403739, -2.922867, 6.553288
-7707.582267, -15.235139, -406.764344, -0.336938, -2.922861, 6.557099
-7710.617511, -44.462670, -341.176674, -0.270107, -2.922603, 6.560341
-7712.984318, -73.686346, -275.559427, -0.203251, -2.922090, 6.563014
-7714.682474, -102.903634, -209.918291, -0.136377, -2.921325, 6.565118
-7715.711823, -132.112001, -144.258957, -0.069491, -2.920306, 6.566654
-7716.072268, -161.308914, -78.587117, -0.002597, -2.919034, 6.567620
-7715.763769, -190.491843, -12.908463, 0.064297, -2.917509, 6.568016
-7714.786344, -219.658257, 52.771309, 0.131187, -2.915731, 6.567843
-7713.140069, -248.805628, 118.446506, 0.198066, -2.913701, 6.567101
-7710.825079, -277.931427, 184.111435, 0.264929, -2.911417, 6.565790
-7707.841566, -307.033130, 249.760401, 0.331770, -2.908881, 6.563909
-7704.189780, -336.108213, 315.387712, 0.398582, -2.906093, 6.561459
-7699.870030, -365.154155, 380.987679, 0.465361, -2.903053, 6.558440
-7694.882683, -394.168438, 446.554614, 0.532101, -2.899761, 6.554852
-7689.228161, -423.148544, 512.082830, 0.598795, -2.896218, 6.550696
-7682.906947, -452.091961, 577.566647, 0.665438, -2.892424, 6.545972
-7675.919582, -480.996180, 643.000385, 0.732025, -2.888378, 6.540681
-7668.266663, -509.858693, 708.378371, 0.798548, -2.884083, 6.534822
-7659.948846, -538.676997, 773.694935, 0.865003, -2.879537, 6.528396
-7650.966843, -567.448593, 838.944412, 0.931384, -2.874741, 6.521405
-7641.321426, -596.170986, 904.121145, 0.997685, -2.869696, 6.513848
-7631.013423, -624.841684, 969.219481, 1.063901, -2.864402, 6.505725
-7620.043721, -653.458201, 1034.233774, 1.130024, -2.858860, 6.497039
-7608.413262, -682.018055, 1099.158386, 1.196051, -2.853070, 6.487789
-7596.123048, -710.518768, 1163.987685, 1.261974, -2.847032, 6.477977
